     0/399     4.34G    0.1014    0.3584         0    0.4598       126       288    0.1234    0.6671    0.2373   0.05765   0.07736    0.3529         0
     1/399     4.22G   0.08411    0.3387         0    0.4228        46       704    0.1721    0.7616    0.3581   0.09189   0.06923    0.3499         0
     2/399     4.23G   0.08263    0.3502         0    0.4328        57       736   0.08496    0.4651   0.04568   0.01128    0.1013     6.517         0
     3/399     4.23G   0.07711    0.3516         0    0.4287        90       512    0.1351    0.7518     0.202   0.06477    0.0738    0.7876         0
     4/399      8.9G   0.07414    0.3584         0    0.4326       113       512    0.1911     0.642    0.2788   0.09322   0.07905     0.624         0
     5/399      8.9G   0.07172    0.3511         0    0.4228        65       704    0.1572    0.7959    0.3349    0.1161   0.06388     1.278         0
     6/399     4.38G   0.07224    0.3515         0    0.4237       176       480    0.1733    0.6731    0.1998    0.0685   0.06677     3.462         0
     7/399     4.42G   0.06956    0.3464         0     0.416       131       768     0.233    0.7531    0.3245    0.1255   0.06129     3.481         0
     8/399     9.79G   0.06944    0.3497         0    0.4192       169       704    0.2217    0.7788    0.3583    0.1386   0.06085     4.919         0
     9/399     4.39G   0.06756    0.3423         0    0.4099        50       608    0.2382    0.8277    0.4584     0.181   0.05737    0.4619         0
    10/399     4.38G   0.06735    0.3431         0    0.4104       117       384    0.2886    0.8177     0.654    0.2801   0.05698    0.3398         0
    11/399     4.37G   0.06563    0.3358         0    0.4014        58       256    0.2271    0.8355    0.4039    0.1595   0.05702     3.377         0
    12/399     4.41G   0.06512    0.3339         0     0.399        68       352    0.2736    0.8456    0.5358    0.2221   0.05574    0.6158         0
    13/399     10.2G   0.06435    0.3249         0    0.3893        87       768    0.3632    0.8442     0.749    0.3253   0.05496    0.3426         0
    14/399     4.36G   0.06464     0.332         0    0.3966        94       544    0.2708    0.8545    0.5181    0.2168   0.05482    0.7805         0
    15/399     4.38G   0.06369    0.3289         0    0.3926        86       672    0.3139    0.8597    0.6103    0.2637   0.05332     0.696         0
    16/399     4.37G    0.0621    0.3194         0    0.3815       121       576    0.2846    0.6503    0.2837    0.1157   0.07517     1.286         0
    17/399     9.05G   0.06306    0.3265         0    0.3896        67       608    0.3005    0.8271    0.4433     0.188   0.05578    0.8743         0
    18/399     4.41G   0.06454    0.3364         0     0.401       129       640    0.1702     0.643    0.1371   0.05502   0.07169     43.58         0
    19/399     10.2G   0.06379    0.3319         0    0.3957       121       608    0.2741    0.8346    0.4484    0.1847   0.05528    0.8352         0
    20/399     10.2G   0.06296    0.3293         0    0.3922        55       544    0.3223    0.8623    0.7366    0.3262    0.0532    0.3083         0
    21/399     10.2G   0.06241    0.3223         0    0.3847       123       256    0.3278    0.8474    0.5834    0.2516   0.05304    0.3614         0
    22/399     10.2G   0.06295    0.3297         0    0.3926        68       384    0.3031    0.8591    0.5885    0.2545   0.05305    0.4358         0
    23/399     10.2G   0.06149    0.3214         0    0.3829       142       576     0.278    0.8512    0.4408    0.1893   0.05353    0.6125         0
    24/399     10.2G   0.06099    0.3197         0    0.3807        45       704    0.3225    0.8605    0.6011    0.2646   0.05214    0.4859         0
    25/399     10.3G   0.06218    0.3261         0    0.3883        56       288    0.3247    0.8771    0.6487      0.29   0.05141    0.3162         0
    26/399     10.3G   0.06026    0.3171         0    0.3774       113       608    0.2642    0.8686    0.4246    0.1787   0.05256    0.7487         0
    27/399     10.3G   0.06067    0.3203         0    0.3809       103       736    0.3022    0.8775     0.577    0.2538   0.05161    0.3516         0
    28/399     10.3G   0.05968    0.3121         0    0.3717       167       704    0.3789    0.8818    0.8098      0.38   0.05042    0.2953         0
    29/399     10.3G   0.06003    0.3163         0    0.3763       220       672    0.3451    0.8848    0.7052    0.3159   0.05054    0.3248         0
    30/399     10.3G    0.0594    0.3138         0    0.3732        87       288    0.3246    0.8786    0.5634    0.2453   0.05051    0.4216         0
    31/399     10.3G   0.05943     0.317         0    0.3764       122       608    0.2791    0.8884    0.5146    0.2254   0.05151    0.7305         0
    32/399      4.5G   0.06242    0.3325         0    0.3949       185       416    0.2623    0.8215    0.3613    0.1504   0.05381    0.7166         0
    33/399     9.23G   0.06064    0.3197         0    0.3803       105       384    0.3184    0.8546    0.5069    0.2215   0.05155    0.4558         0
    34/399     9.24G   0.05994    0.3227         0    0.3826        58       672    0.2626    0.8626    0.4014      0.17   0.05327     1.015         0
    35/399     4.39G   0.05925    0.3109         0    0.3701        85       320    0.3355     0.886    0.5794    0.2578   0.05001    0.3761         0
    36/399     9.39G   0.05807    0.3115         0    0.3696       105       384    0.2731    0.8616    0.3792    0.1635     0.052     1.867         0
    37/399     9.49G    0.0592    0.3167         0    0.3759        60       320    0.3377    0.8841    0.5915    0.2653   0.04999    0.4707         0
    38/399     9.49G   0.05901     0.315         0     0.374        86       352    0.3071    0.8704    0.4571    0.1994    0.0515    0.9896         0
    39/399     9.49G   0.05887    0.3155         0    0.3743       109       640    0.2982     0.858    0.4329     0.189   0.05092     1.043         0
    40/399     9.49G   0.05815    0.3094         0    0.3675       144       480    0.3219    0.8894    0.5323    0.2358   0.05022    0.7275         0
    41/399     9.49G   0.05705    0.3028         0    0.3598       116       544    0.2522    0.8295    0.3046    0.1312   0.05182     10.35         0
    42/399     9.49G   0.05777    0.3094         0    0.3671       118       416    0.2934    0.8429    0.3601    0.1563   0.05169     2.754         0
    43/399     9.49G   0.05781    0.3109         0    0.3687       258       576    0.2746    0.8596    0.3812    0.1633   0.05179    0.6048         0
    44/399     9.49G   0.05863    0.3137         0    0.3723        59       384    0.3836    0.8951    0.7455    0.3451    0.0492    0.3156         0
    45/399     9.49G   0.05898    0.3133         0    0.3722       157       256    0.3344    0.9011    0.6545    0.2962   0.04936    0.3811         0
    46/399     9.49G   0.05756    0.3091         0    0.3666        90       576     0.196    0.7235    0.1783   0.08073   0.06705     39.67         0
    47/399     9.49G   0.05732    0.3079         0    0.3652       164       576    0.2162    0.7566    0.2165   0.09572   0.06286     3.186         0
    48/399     9.49G   0.05684    0.3057         0    0.3625       103       640    0.3195    0.8878    0.4827    0.2145   0.05025    0.6444         0
    49/399     9.49G   0.05741    0.3074         0    0.3648        62       320    0.3857    0.8985    0.7844    0.3703   0.04901    0.2873         0
    50/399     9.49G   0.05779    0.3092         0     0.367        45       736     0.342    0.8992    0.6093    0.2765   0.04946    0.3628         0
    51/399     9.49G   0.05703     0.307         0     0.364       118       640    0.3098    0.8894    0.4577    0.2023   0.04961     0.925         0
    52/399     9.49G   0.05699    0.3082         0    0.3652       240       288    0.2828    0.8938    0.4105    0.1808   0.05034     3.069         0
    53/399     9.49G   0.05674    0.3059         0    0.3626        70       736    0.3018     0.899    0.4413    0.1954   0.04961    0.9838         0
    54/399     9.49G    0.0562    0.3006         0    0.3568       105       544    0.2969    0.8981    0.4335    0.1913   0.04994     1.206         0
    55/399     9.49G   0.05615    0.3047         0    0.3609       129       416    0.3725    0.9026    0.6605     0.304   0.04915    0.4208         0
    56/399     9.49G   0.05606    0.3012         0    0.3573       121       256    0.3257     0.892    0.4806    0.2142   0.05051     1.883         0
    57/399     9.49G   0.05643    0.3047         0    0.3612        78       416    0.3948    0.9075    0.8312    0.4023   0.04826    0.2824         0
    58/399     9.49G    0.0564     0.306         0    0.3624       107       736    0.3943    0.9091    0.7956     0.378   0.04821    0.2842         0
    59/399     9.49G   0.05628    0.3021         0    0.3583        97       768    0.3871    0.9088    0.7488    0.3521   0.04808    0.2956         0
    60/399     9.49G   0.05623    0.3051         0    0.3613       119       480    0.3741    0.9097    0.7275    0.3403   0.04843    0.2986         0
    61/399     9.49G   0.05545    0.3012         0    0.3567       140       544    0.4301     0.909    0.8634    0.4259    0.0474    0.2781         0
    62/399     9.49G    0.0554    0.3011         0    0.3565       102       320    0.4134    0.9096     0.809    0.3891   0.04761    0.2841         0
    63/399     9.49G   0.05557    0.2995         0    0.3551        42       384     0.413    0.9133    0.8469    0.4128   0.04739    0.2795         0
    64/399     9.49G   0.05522    0.2992         0    0.3545       139       416    0.3666    0.9067    0.7041    0.3281   0.04908    0.2989         0
    65/399     9.49G   0.05487    0.2954         0    0.3502        65       352    0.4299    0.9097    0.8517    0.4184     0.047    0.2795         0
    66/399     9.49G   0.05488    0.2941         0     0.349        58       288    0.4377    0.9123    0.8464    0.4155   0.04698    0.2788         0
    67/399     9.49G   0.05495    0.2944         0    0.3494        99       768     0.408     0.913    0.7546    0.3586   0.04716    0.3021         0
    68/399     9.49G   0.05536    0.3025         0    0.3578        33       672    0.4214    0.9143     0.811    0.3897   0.04724     0.288         0
    69/399     9.49G   0.05441    0.2946         0     0.349        89       576    0.4473    0.9109    0.8745    0.4366   0.04673    0.2765         0
    70/399     4.39G   0.05435    0.2964         0    0.3507        59       448    0.4158    0.9173    0.8361    0.4065   0.04706    0.2839         0
    71/399     8.79G   0.05536    0.3037         0     0.359        38       512    0.4345    0.9152    0.8659    0.4288   0.04682    0.2764         0
    72/399     8.89G   0.05477    0.2966         0    0.3514        95       320    0.4019    0.9182    0.8259     0.401   0.04709    0.2854         0
    73/399     8.89G   0.05514    0.2983         0    0.3535       128       640    0.4326    0.9149    0.8625    0.4276   0.04702    0.2787         0
    74/399     8.89G   0.05451    0.2982         0    0.3527        77       480    0.4278    0.9198    0.8441     0.416   0.04655    0.2792         0
    75/399     8.89G   0.05424    0.2976         0    0.3518       112       608    0.4269     0.919    0.8343    0.4096   0.04662     0.285         0
    76/399     8.89G   0.05377    0.2905         0    0.3442       138       640    0.4391    0.9181    0.8635     0.429    0.0466    0.2785         0
    77/399     8.89G   0.05371    0.2908         0    0.3445       125       512    0.4126    0.9185    0.7972    0.3858   0.04701    0.3092         0
    78/399     8.89G   0.05616    0.3064         0    0.3625        63       448    0.3467    0.8716    0.7836    0.3712   0.05045    0.3058         0
    79/399     8.89G   0.05662    0.3092         0    0.3659       124       384    0.4032    0.8986    0.7574    0.3616   0.04794    0.3309         0
    80/399     8.89G   0.05542    0.2991         0    0.3545        67       608    0.4123    0.9068    0.7596     0.364   0.04747    0.3266         0
    81/399     8.89G   0.05469    0.2956         0    0.3503        41       512    0.4011    0.9045    0.7069    0.3367   0.04796    0.3178         0
    82/399     8.89G   0.05542    0.2965         0    0.3519        81       704    0.4143    0.9127    0.8344    0.4113   0.04713    0.2812         0
    83/399     8.89G   0.05533    0.2996         0    0.3549       178       320     0.429     0.913    0.8537    0.4252   0.04679     0.278         0
    84/399     8.89G   0.05507     0.298         0     0.353       104       544     0.423    0.9173    0.8418     0.417   0.04664    0.2774         0
    85/399     8.89G   0.05494    0.3004         0    0.3554        87       608    0.4146    0.9158    0.8266    0.4081   0.04687    0.2794         0
    86/399     8.89G   0.05425    0.2941         0    0.3484       173       288    0.4346    0.9175     0.854    0.4235   0.04641    0.2764         0
    87/399     8.89G   0.05348    0.2913         0    0.3448       147       640    0.4619    0.9154    0.8821    0.4456   0.04638    0.2734         0
    88/399     8.89G   0.05434    0.2979         0    0.3522       148       352    0.4323    0.9183    0.8694    0.4395   0.04623    0.2741         0
    89/399     8.89G   0.05416    0.2984         0    0.3526        99       416    0.4393    0.9165     0.869    0.4364   0.04635    0.2743         0
    90/399     8.89G    0.0544    0.2981         0    0.3525       135       608    0.4417    0.9174    0.8632    0.4328   0.04623    0.2745         0
    91/399     8.89G   0.05409    0.2973         0    0.3514        96       320    0.4374    0.9175    0.8643    0.4327   0.04642    0.2756         0
    92/399     8.89G   0.05467    0.3002         0    0.3548       106       448    0.4238    0.9189    0.8532    0.4264   0.04651    0.2762         0
    93/399     8.89G    0.0539    0.2921         0     0.346       193       576    0.4413    0.9187     0.867    0.4357   0.04625    0.2745         0
    94/399     8.89G   0.05427    0.2969         0    0.3512       111       768    0.4418    0.9173    0.8444    0.4184   0.04643    0.2786         0
    95/399     8.89G   0.05421    0.2981         0    0.3523       176       448    0.4189    0.9194    0.7861     0.384   0.04651    0.2892         0
    96/399     8.89G   0.05369    0.2972         0    0.3509       100       768    0.4414    0.9244    0.8824    0.4482   0.04598    0.2725         0
    97/399     8.89G   0.05359     0.296         0    0.3495       163       416    0.4384    0.9202    0.8401    0.4184   0.04602    0.2797         0
    98/399     8.89G   0.05383     0.294         0    0.3478        81       736    0.4315    0.9217    0.8293     0.411   0.04627    0.2795         0
    99/399     8.89G   0.05313    0.2913         0    0.3444       199       416    0.4254    0.9225     0.782    0.3805   0.04612    0.3015         0
   100/399     8.89G   0.05332    0.2934         0    0.3468        85       576    0.4526     0.923    0.8658    0.4351   0.04603    0.2735         0
   101/399     8.89G   0.05293    0.2919         0    0.3449        67       640      0.43    0.9218     0.811       0.4   0.04641    0.3025         0
   102/399     8.89G   0.05276    0.2908         0    0.3436        67       640    0.4528    0.9218    0.8733    0.4438   0.04582    0.2755         0
   103/399     8.89G   0.05312    0.2944         0    0.3475        63       352    0.4493    0.9231    0.8373    0.4179   0.04558    0.2825         0
   104/399     8.89G   0.05254    0.2872         0    0.3397        81       736    0.4433    0.9242    0.8224    0.4076   0.04577    0.2817         0
   105/399     8.89G   0.05281    0.2918         0    0.3446        61       288    0.4457     0.924    0.8514    0.4264   0.04584    0.2811         0
   106/399     8.89G   0.05318    0.2958         0     0.349       142       448    0.4505    0.9245    0.8325    0.4148   0.04606    0.2818         0
   107/399     8.89G   0.05257    0.2865         0    0.3391       136       704    0.4539    0.9231    0.8523    0.4274   0.04594    0.2779         0
   108/399     8.89G   0.05266    0.2927         0    0.3453       123       512    0.4439    0.9222    0.7968    0.3929   0.04585    0.3178         0
   109/399     8.89G   0.05282    0.2896         0    0.3424        88       288    0.4376    0.9257    0.8271    0.4111   0.04571    0.2882         0
   110/399     8.89G   0.05298      0.29         0     0.343       187       320     0.428    0.9257    0.8122    0.4018   0.04583    0.2834         0
   111/399     8.89G   0.05301    0.2946         0    0.3476        95       416     0.384    0.9191    0.6048    0.2865   0.04568    0.7735         0
   112/399     8.89G   0.05203    0.2892         0    0.3412        30       320    0.3882    0.9224    0.6178    0.2954   0.04566    0.5575         0
   113/399     8.89G   0.05232    0.2897         0     0.342        87       384     0.392    0.9198    0.6006    0.2848   0.04572    0.6211         0
   114/399     8.89G   0.05254    0.2915         0     0.344       166       480    0.3747     0.919     0.573     0.271   0.04618    0.6605         0
   115/399     8.89G    0.0518    0.2878         0    0.3396        63       576    0.4082    0.9253    0.6994    0.3374    0.0459      0.46         0
   116/399     8.89G   0.05194    0.2893         0    0.3413        39       288    0.4277    0.9245     0.721     0.349   0.04583    0.3619         0
   117/399     8.89G   0.05205    0.2862         0    0.3383       114       352     0.469    0.9244    0.8599    0.4357   0.04548    0.2719         0
   118/399     8.89G   0.05212    0.2876         0    0.3397        90       448    0.4246    0.9265    0.7136    0.3457   0.04566    0.3713         0
   119/399     8.89G   0.05225    0.2904         0    0.3426        97       448    0.3988     0.923    0.6267    0.2997    0.0456    0.4901         0
   120/399     8.89G   0.05198     0.288         0    0.3399       118       480      0.45    0.9257    0.8012    0.3986   0.04548    0.3172         0
   121/399     8.89G   0.05133    0.2835         0    0.3348        95       576    0.4623    0.9248     0.806    0.4033   0.04529    0.2997         0
   122/399     8.89G    0.0517    0.2898         0    0.3415       144       256    0.4193    0.9256    0.6937    0.3369   0.04571    0.5023         0
   123/399     8.89G   0.05214    0.2914         0    0.3435        70       448    0.4423    0.9265    0.7295    0.3564   0.04518    0.4132         0
   124/399     8.89G   0.05217    0.2889         0    0.3411       197       768    0.4567    0.9249    0.7749    0.3818   0.04524    0.3556         0
   125/399     8.89G   0.05211    0.2919         0     0.344        76       352    0.4512    0.9284    0.7868    0.3893    0.0454    0.3296         0
   126/399     8.89G   0.05217    0.2893         0    0.3415        73       384     0.469    0.9151    0.8786    0.4521   0.04535    0.2771         0
   127/399     8.89G    0.0541    0.3016         0    0.3557        97       512    0.4003    0.9177    0.6763    0.3266   0.04616    0.4272         0
   128/399     8.89G   0.05263    0.2964         0    0.3491        91       288    0.4218    0.9218    0.7143    0.3477   0.04569    0.3604         0
